,a_USBLlong_t,usbllong_D,usbllong_E,usbllong_N,usbllong_X,usbllong_Y,usbllong_Z,usbllong_pitch,usbllong_roll,usbllong_yaw
0,2021-09-20 09:14:45.231722,25.58989906311035,99.7947006225586,44.90869903564453,18.702499389648438,108.69560241699219,21.589399337768555,0.0032999999821186066,0.03750000149011612,-0.25049999356269836
1,2021-09-20 09:14:46.273303,27.537099838256836,98.89099884033203,45.322601318359375,18.307600021362305,106.35299682617188,30.752899169921875,0.03530000150203705,-0.023900000378489494,-0.25060001015663147
2,2021-09-20 09:14:47.320418,25.80190086364746,99.76799774169922,44.009300231933594,13.968700408935547,108.38300323486328,24.78350067138672,0.056699998676776886,0.017100000753998756,-0.2741999924182892
3,2021-09-20 09:14:48.354192,26.416000366210938,99.62210083007812,43.476200103759766,13.61240005493164,108.08799743652344,25.38159942626953,0.00839999970048666,0.010599999688565731,-0.2840000092983246
4,2021-09-20 09:14:50.363971,29.434999465942383,99.27899932861328,41.558799743652344,6.5243000984191895,107.59439849853516,28.822900772094727,0.06610000133514404,0.010300000198185444,-0.3181999921798706
5,2021-09-20 09:14:51.422983,31.48539924621582,98.72760009765625,41.06869888305664,8.322699546813965,106.29180145263672,32.52539825439453,0.05079999938607216,-0.005400000140070915,-0.30090001225471497
6,2021-09-20 09:14:52.484562,30.390100479125977,98.14649963378906,42.872798919677734,18.08300018310547,105.62149810791016,30.19059944152832,-0.07850000262260437,-0.010599999688565731,-0.26510000228881836
7,2021-09-20 09:14:53.619804,23.205900192260742,99.91179656982422,42.86940002441406,13.020299911499023,109.0802001953125,17.048099517822266,0.05590000003576279,0.06369999796152115,-0.2766000032424927
8,2021-09-20 09:14:54.659664,25.890399932861328,98.52999877929688,44.077999114990234,16.24799919128418,106.99330139160156,24.693500518798828,0.022299999371170998,0.014700000174343586,-0.26440000534057617
9,2021-09-20 09:14:55.697754,26.24169921875,98.69229888916016,43.21160125732422,14.525799751281738,107.3833999633789,23.534099578857422,-0.008899999782443047,0.02410000003874302,-0.2793999910354614
10,2021-09-20 09:14:56.746333,24.808799743652344,99.23169708251953,42.40760040283203,13.258399963378906,106.939697265625,25.473899841308594,0.028300000354647636,-0.0026000000070780516,-0.27399998903274536
11,2021-09-20 09:14:57.777226,27.45240020751953,98.01390075683594,43.223201751708984,15.973799705505371,106.1697006225586,26.484500885009766,-0.017999999225139618,0.006500000134110451,-0.2702000141143799
12,2021-09-20 09:14:58.810803,26.583799362182617,98.37370300292969,42.707801818847656,12.063199996948242,107.37149810791016,23.106000900268555,-0.012900000438094139,0.031099999323487282,-0.299699991941452
13,2021-09-20 09:14:59.864816,26.045799255371094,98.13960266113281,43.125999450683594,16.822500228881836,106.85900115966797,21.628299713134766,-0.035999998450279236,0.035999998450279236,-0.2639000117778778
14,2021-09-20 09:15:00.908732,25.48150062561035,98.65080261230469,42.02190017700195,9.127799987792969,107.47730255126953,22.63719940185547,-0.025499999523162842,0.024399999529123306,-0.3228999972343445
15,2021-09-20 09:15:01.943752,26.456199645996094,97.76629638671875,43.217899322509766,12.80739974975586,107.14710235595703,21.9419002532959,-0.003700000001117587,0.04190000146627426,-0.2969000041484833
16,2021-09-20 09:15:02.984265,26.270999908447266,98.47129821777344,41.394100189208984,10.135499954223633,107.50160217285156,20.997499465942383,-0.043299999088048935,0.04540000110864639,-0.31150001287460327
17,2021-09-20 09:15:04.046622,24.662799835205078,98.4999008178711,41.99610137939453,14.143600463867188,106.81819915771484,21.540599822998047,-0.04899999871850014,0.023000000044703484,-0.28060001134872437
18,2021-09-20 09:15:05.185153,25.438800811767578,98.4032974243164,41.48609924316406,9.098600387573242,106.91329956054688,23.199100494384766,-0.010999999940395355,0.020099999383091927,-0.31610000133514404
19,2021-09-20 09:15:06.222192,27.278900146484375,98.20670318603516,40.53379821777344,7.851799964904785,106.14939880371094,26.50149917602539,0.016100000590085983,0.00860000029206276,-0.31349998712539673
20,2021-09-20 09:15:07.259385,27.6018009185791,98.27110290527344,39.951900482177734,9.390999794006348,105.84829711914062,26.891700744628906,0.0010000000474974513,0.006800000090152025,-0.2971999943256378
21,2021-09-20 09:15:08.294772,24.110700607299805,99.3488998413086,39.2515983581543,5.452700138092041,108.23699951171875,15.724200248718262,-0.020899999886751175,0.07699999958276749,-0.32829999923706055
22,2021-09-20 09:15:09.336413,25.130399703979492,98.75689697265625,39.76810073852539,9.086700439453125,107.51390075683594,18.003999710083008,0.023600000888109207,0.06880000233650208,-0.29339998960494995
23,2021-09-20 09:15:10.374010,29.140499114990234,97.53939819335938,39.95349884033203,3.613300085067749,104.83429718017578,30.92099952697754,-0.035599999129772186,-0.017999999225139618,-0.36489999294281006
24,2021-09-20 09:15:11.413576,25.583499908447266,98.74870300292969,39.452598571777344,2.2599000930786133,108.05419921875,16.778799057006836,-0.05620000138878822,0.0812000036239624,-0.3677000105381012
25,2021-09-20 09:15:12.459488,27.27519989013672,98.4083023071289,38.815799713134766,3.593100070953369,106.3989028930664,24.518400192260742,0.07419999688863754,0.029100000858306885,-0.3246000111103058
26,2021-09-20 09:15:13.494724,26.781299591064453,98.4813003540039,38.97019958496094,-2.023099899291992,106.66100311279297,23.533300399780273,-0.030400000512599945,0.031199999153614044,-0.4025999903678894
27,2021-09-20 09:15:14.554512,27.873600006103516,98.65570068359375,37.5348014831543,2.0065999031066895,105.65270233154297,27.426799774169922,-0.024800000712275505,0.003800000064074993,-0.35100001096725464
28,2021-09-20 09:15:15.697017,26.30579948425293,98.50090026855469,38.97959899902344,1.279099941253662,107.54010009765625,18.63629913330078,-0.027899999171495438,0.07159999758005142,-0.36970001459121704
29,2021-09-20 09:15:16.745505,23.595199584960938,99.3395004272461,38.35900115966797,3.1403000354766846,106.08529663085938,25.149999618530273,-0.027799999341368675,-0.015399999916553497,-0.3456000089645386
30,2021-09-20 09:15:17.780414,23.993000030517578,99.6594009399414,37.11289978027344,1.81850004196167,107.11920166015625,20.17930030822754,-0.019700000062584877,0.03539999946951866,-0.34310001134872437
31,2021-09-20 09:15:18.808955,25.108200073242188,99.55030059814453,36.44169998168945,-0.4203999936580658,106.16190338134766,24.45709991455078,0.024399999529123306,0.006099999882280827,-0.3492000102996826
32,2021-09-20 09:15:19.839895,25.74180030822754,99.45449829101562,36.31489944458008,-2.2987000942230225,107.0740966796875,20.06170082092285,-0.031099999323487282,0.054099999368190765,-0.37770000100135803
33,2021-09-20 09:15:20.885021,23.725099563598633,100.12999725341797,35.59109878540039,-1.0879000425338745,106.99330139160156,20.170799255371094,-0.0005000000237487257,0.0333000011742115,-0.35190001130104065
34,2021-09-20 09:15:21.933621,26.114500045776367,99.63179779052734,35.324501037597656,-2.961400032043457,106.8031005859375,20.99049949645996,-0.03189999982714653,0.04919999837875366,-0.3750999867916107
35,2021-09-20 09:15:37.355025,22.680400848388672,101.03990173339844,34.37820053100586,-13.746199607849121,107.00900268554688,16.292400360107422,-0.01360000018030405,0.061799999326467514,-0.459199994802475
36,2021-09-20 09:15:38.392175,23.1835994720459,101.01090240478516,34.41809844970703,-16.932100296020508,105.4884033203125,22.60070037841797,0.014999999664723873,0.003100000089034438,-0.484499990940094
37,2021-09-20 09:15:39.429853,24.965499877929688,100.6050033569336,34.51750183105469,-12.581500053405762,106.5105972290039,20.815799713134766,-0.031199999153614044,0.042899999767541885,-0.4551999866962433
38,2021-09-20 09:15:40.473358,26.197399139404297,100.57479858398438,34.05059814453125,-19.934200286865234,105.00350189208984,23.193199157714844,0.015200000256299973,0.025800000876188278,-0.511900007724762
39,2021-09-20 09:15:41.511263,23.912099838256836,101.17269897460938,34.03799819946289,-10.217300415039062,106.69989776611328,21.840700149536133,-0.07020000368356705,0.02669999934732914,-0.43459999561309814
40,2021-09-20 09:15:42.550800,24.02910041809082,101.19120025634766,34.280601501464844,-12.030500411987305,105.22139739990234,27.85569953918457,-0.03750000149011612,-0.03180000185966492,-0.44920000433921814
41,2021-09-20 09:15:43.593994,27.154600143432617,101.02529907226562,32.672000885009766,-14.051400184631348,107.20980072021484,17.87619972229004,-0.002400000113993883,0.08760000020265579,-0.44589999318122864
42,2021-09-20 09:15:44.629854,25.207500457763672,101.3989028930664,33.16699981689453,-18.7992000579834,106.07990264892578,20.268999099731445,0.07119999825954437,0.03460000082850456,-0.47909998893737793
43,2021-09-20 09:15:45.666654,24.711700439453125,101.82099914550781,32.55390167236328,-14.674500465393066,105.9655990600586,24.36949920654297,-0.01679999940097332,0.00559999980032444,-0.45100000500679016
44,2021-09-20 09:15:46.706381,23.587299346923828,102.02159881591797,33.22840118408203,-24.246400833129883,104.51679992675781,23.605899810791016,-0.002300000051036477,0.0003000000142492354,-0.5432999730110168
45,2021-09-20 09:15:47.743784,22.37470054626465,102.86119842529297,31.893199920654297,-24.735599517822266,106.52629852294922,11.770099639892578,0.023600000888109207,0.09480000287294388,-0.529699981212616
46,2021-09-20 09:15:48.783724,24.915300369262695,102.16169738769531,32.688201904296875,-23.479799270629883,106.41690063476562,15.825300216674805,0.06159999966621399,0.07259999960660934,-0.5206000208854675
47,2021-09-20 09:15:49.832674,25.046199798583984,102.44059753417969,31.991100311279297,-21.526899337768555,106.50550079345703,18.384300231933594,-0.06599999964237213,0.07680000364780426,-0.5156999826431274
48,2021-09-20 09:15:50.968636,23.990299224853516,102.65609741210938,32.345401763916016,-19.976900100708008,105.73650360107422,24.09869956970215,-0.023600000888109207,0.0035000001080334187,-0.49720001220703125
49,2021-09-20 09:15:52.011968,24.4512996673584,102.5990982055664,32.691001892089844,-20.59079933166504,105.0907974243164,26.92729949951172,-0.05829999968409538,-0.011699999682605267,-0.5153999924659729
50,2021-09-20 09:15:53.051098,23.867799758911133,103.34190368652344,31.295000076293945,-23.24850082397461,105.15670013427734,25.1033992767334,0.01899999938905239,-0.01590000092983246,-0.5065000057220459
51,2021-09-20 09:15:54.088628,25.479299545288086,103.15399932861328,31.121200561523438,-19.920900344848633,106.65059661865234,22.07430076599121,-0.026000000536441803,0.03700000047683716,-0.48429998755455017
52,2021-09-20 09:15:55.125952,25.2322998046875,103.62030029296875,30.153600692749023,-28.544599533081055,103.8938980102539,25.96769905090332,0.09950000047683716,-0.032999999821186066,-0.5248000025749207
53,2021-09-20 09:15:56.156997,24.500200271606445,103.84600067138672,30.50819969177246,-27.13249969482422,104.68910217285156,24.880199432373047,-0.03370000049471855,0.005200000014156103,-0.546999990940094
54,2021-09-20 09:15:57.194035,23.357200622558594,103.8916015625,31.874300003051758,-28.061199188232422,105.94740295410156,18.512300491333008,-0.012900000438094139,0.049400001764297485,-0.5611000061035156
55,2021-09-20 09:15:58.242812,23.464799880981445,103.83869934082031,32.25830078125,-22.568199157714844,106.5177993774414,22.766399383544922,-0.0625,0.02019999921321869,-0.5231999754905701
56,2021-09-20 09:15:59.303682,24.81439971923828,104.12480163574219,31.03809928894043,-28.399599075317383,104.6989974975586,25.547700881958008,-0.05530000105500221,0.00839999970048666,-0.5672000050544739
57,2021-09-20 09:16:00.436965,25.564800262451172,103.81210327148438,31.922199249267578,-24.949399948120117,106.98210144042969,19.542400360107422,-0.11259999871253967,0.08429999649524689,-0.5493999719619751
58,2021-09-20 09:16:01.475835,22.506500244140625,104.21160125732422,33.50320053100586,-27.772899627685547,105.22820281982422,25.392000198364258,-0.05550000071525574,-0.012400000356137753,-0.5805000066757202
59,2021-09-20 09:16:02.525197,22.742000579833984,105.0426025390625,31.09830093383789,-26.9591007232666,104.81490325927734,28.377700805664062,-0.04960000142455101,-0.04050000011920929,-0.5493999719619751
60,2021-09-20 09:16:03.563196,24.547500610351562,104.68329620361328,31.804399490356445,-28.24489974975586,106.10179901123047,22.744600296020508,-0.057100001722574234,0.032600000500679016,-0.5679000020027161
61,2021-09-20 09:16:04.606089,25.694700241088867,104.76380157470703,31.15019989013672,-30.591100692749023,106.69650268554688,16.912900924682617,0.02979999966919422,0.07440000027418137,-0.567799985408783
62,2021-09-20 09:16:05.641172,25.089099884033203,105.42279815673828,30.268600463867188,-32.23059844970703,105.73429870605469,21.00160026550293,0.016200000420212746,0.033900000154972076,-0.5745999813079834
63,2021-09-20 09:16:06.679468,26.878999710083008,105.6729965209961,28.529699325561523,-29.846099853515625,105.30870056152344,26.879100799560547,-0.017100000753998756,0.004900000058114529,-0.5442000031471252
64,2021-09-20 09:16:07.718325,24.730199813842773,106.1083984375,29.813100814819336,-31.991899490356445,106.5822982788086,19.393999099731445,-0.06750000268220901,0.07119999825954437,-0.5800999999046326
65,2021-09-20 09:16:08.752044,24.698299407958984,106.5551986694336,28.909000396728516,-32.47710037231445,106.95069885253906,17.50860023498535,-0.0835999995470047,0.09390000253915787,-0.5763000249862671
66,2021-09-20 09:16:09.813262,24.832300186157227,106.91999816894531,28.383100509643555,-36.182899475097656,105.7136001586914,19.223800659179688,0.030400000512599945,0.042899999767541885,-0.5870000123977661
67,2021-09-20 09:16:10.941279,24.556400299072266,107.12000274658203,28.59950065612793,-35.992801666259766,105.90360260009766,19.61090087890625,0.003000000026077032,0.045899998396635056,-0.5910000205039978
68,2021-09-20 09:16:11.975456,23.520200729370117,108.40979766845703,25.47760009765625,-34.78990173339844,106.38600158691406,20.6560001373291,0.04729999974370003,0.011699999682605267,-0.5389999747276306
69,2021-09-20 09:16:13.015957,24.019800186157227,108.54350280761719,25.52239990234375,-35.079898834228516,106.61380004882812,20.32029914855957,-0.028999999165534973,0.04450000077486038,-0.5564000010490417
70,2021-09-20 09:16:14.053078,24.952899932861328,108.52639770507812,25.765600204467773,-36.90060043334961,107.00019836425781,15.930800437927246,-0.02199999988079071,0.09269999712705612,-0.5734999775886536
71,2021-09-20 09:16:15.091663,23.161100387573242,109.35759735107422,24.701000213623047,-36.928001403808594,105.5801010131836,24.38920021057129,0.005200000014156103,-0.013399999588727951,-0.5565999746322632
72,2021-09-20 09:16:16.122612,23.992900848388672,109.24929809570312,25.54159927368164,-32.390499114990234,108.19550323486328,20.199399948120117,-0.10999999940395355,0.06949999928474426,-0.5414000153541565
73,2021-09-20 09:16:17.182341,25.06909942626953,109.47160339355469,24.471099853515625,-37.04249954223633,105.54299926757812,26.454500198364258,-0.007499999832361937,-0.010499999858438969,-0.5583000183105469
74,2021-09-20 09:16:18.319229,24.276399612426758,109.910400390625,24.523300170898438,-36.68439865112305,107.34510040283203,20.05769920349121,-0.04749999940395355,0.0560000017285347,-0.5598999857902527
75,2021-09-20 09:16:19.355687,23.141199111938477,110.74749755859375,22.71190071105957,-41.14870071411133,105.15879821777344,23.764699935913086,0.014800000004470348,-0.011699999682605267,-0.571399986743927
76,2021-09-20 09:16:20.393189,23.227399826049805,110.71170043945312,24.08449935913086,-41.73720169067383,106.40039825439453,17.709400177001953,-0.00860000029206276,0.05550000071525574,-0.5928999781608582
77,2021-09-20 09:16:21.428893,22.66069984436035,111.30000305175781,23.051599502563477,-46.77840042114258,104.19309997558594,19.70170021057129,-0.006099999882280827,0.031199999153614044,-0.6294999718666077
78,2021-09-20 09:16:22.463609,23.02669906616211,111.5239028930664,22.97319984436035,-42.77989959716797,106.04879760742188,20.47209930419922,0.020899999886751175,0.015699999406933784,-0.5842000246047974
79,2021-09-20 09:16:23.506028,23.75909996032715,111.79650115966797,22.453699111938477,-41.21649932861328,107.10559844970703,19.917600631713867,-0.056699998676776886,0.05829999968409538,-0.5781000256538391
80,2021-09-20 09:16:24.541557,23.36639976501465,112.0625991821289,22.936599731445312,-45.867801666259766,105.84089660644531,17.998300552368164,0.00279999990016222,0.04969999939203262,-0.6140000224113464
81,2021-09-20 09:16:25.601339,22.083799362182617,112.68609619140625,22.501100540161133,-45.96950149536133,106.14240264892578,17.684600830078125,0.030400000512599945,0.0284000001847744,-0.6033999919891357
82,2021-09-20 09:16:26.738369,23.63800048828125,112.2686996459961,24.267200469970703,-44.14339828491211,106.22689819335938,22.784000396728516,-0.03189999982714653,0.0215000007301569,-0.6140000224113464
83,2021-09-20 09:16:27.774435,22.53820037841797,113.40180206298828,21.159299850463867,-45.53559875488281,105.99369812011719,22.527999877929688,-0.0026000000070780516,0.0012000000569969416,-0.5907999873161316
84,2021-09-20 09:16:28.808657,23.134199142456055,113.63970184326172,20.8218994140625,-44.725799560546875,106.0989990234375,25.006799697875977,-0.03610000014305115,-0.002300000051036477,-0.5870000123977661
85,2021-09-20 09:16:29.921688,19.95400047302246,114.59010314941406,20.94379997253418,-48.92649841308594,106.31919860839844,16.435300827026367,0.03959999978542328,0.014999999664723873,-0.607699990272522
86,2021-09-20 09:16:30.984051,22.642799377441406,114.36990356445312,21.082399368286133,-45.04439926147461,108.53410339355469,15.13230037689209,-0.005900000222027302,0.07209999859333038,-0.5807999968528748
87,2021-09-20 09:16:32.124832,23.904300689697266,115.07420349121094,17.111900329589844,-44.532501220703125,108.96649932861328,15.794899940490723,0.03669999912381172,0.05990000069141388,-0.5347999930381775
88,2021-09-20 09:16:33.163472,22.11829948425293,115.94509887695312,15.14840030670166,-43.785499572753906,108.66719818115234,20.885700225830078,-0.06459999829530716,0.03790000081062317,-0.5253000259399414
89,2021-09-20 09:16:34.200639,22.767499923706055,116.19499969482422,15.338899612426758,-48.566898345947266,108.46179962158203,11.498100280761719,0.01730000041425228,0.09690000116825104,-0.5565999746322632
90,2021-09-20 09:16:35.238373,23.097200393676758,116.3541030883789,15.252699851989746,-47.04100036621094,108.52749633789062,17.700700759887695,0.04610000178217888,0.029999999329447746,-0.5347999930381775
91,2021-09-20 09:16:36.281030,21.28019905090332,117.47090148925781,11.901000022888184,-50.71730041503906,106.96269989013672,19.50950050354004,-0.03350000083446503,0.032600000500679016,-0.5508000254631042
92,2021-09-20 09:16:37.323350,23.042299270629883,117.41480255126953,11.867400169372559,-49.32500076293945,108.33869934082031,16.964000701904297,0.0019000000320374966,0.05550000071525574,-0.5315999984741211
93,2021-09-20 09:16:38.358156,23.26099967956543,117.7645034790039,11.579999923706055,-46.972599029541016,109.56690216064453,18.229400634765625,0.0044999998062849045,0.044199999421834946,-0.5054000020027161
94,2021-09-20 09:16:39.396126,23.960800170898438,117.75849914550781,12.60789966583252,-50.58319854736328,108.47920227050781,16.544700622558594,0.05389999970793724,0.04360000044107437,-0.5389999747276306
95,2021-09-20 09:16:40.462821,17.100000381469727,119.40699768066406,11.123600006103516,-51.65359878540039,108.55729675292969,14.878800392150879,-0.003100000089034438,0.02199999988079071,-0.5386000275611877
96,2021-09-20 09:16:41.602695,21.01180076599121,119.19869995117188,10.359700202941895,-51.838401794433594,108.72370147705078,15.782400131225586,-0.020800000056624413,0.05829999968409538,-0.5376999974250793
97,2021-09-20 09:16:42.640609,20.475400924682617,119.38970184326172,12.746600151062012,-52.375,108.76010131835938,16.23870086669922,0.06790000200271606,0.006599999964237213,-0.546500027179718
98,2021-09-20 09:16:43.679408,21.76609992980957,119.31060028076172,13.668100357055664,-50.64039993286133,109.71489715576172,17.139999389648438,-0.023399999365210533,0.053199999034404755,-0.5529000163078308
99,2021-09-20 09:16:44.723992,20.949600219726562,120.29060363769531,8.151399612426758,-56.334999084472656,106.76799774169922,20.052900314331055,-0.03889999911189079,0.029100000858306885,-0.5608000159263611
100,2021-09-20 09:16:45.760239,21.024900436401367,120.64240264892578,8.148200035095215,-54.5901985168457,108.84590148925781,15.346199989318848,0.006300000008195639,0.04919999837875366,-0.5349000096321106
101,2021-09-20 09:16:46.798634,21.553600311279297,120.98169708251953,6.613800048828125,-56.96760177612305,105.95670318603516,25.937000274658203,-0.08330000191926956,0.00419999985024333,-0.5625
102,2021-09-20 09:16:47.829788,16.89189910888672,122.1532974243164,5.392499923706055,-60.81380081176758,106.92900085449219,10.183799743652344,-0.012600000016391277,0.07020000368356705,-0.5658000111579895
103,2021-09-20 09:16:48.858946,20.33049964904785,122.04900360107422,4.51230001449585,-59.72999954223633,107.27999877929688,15.905900001525879,-0.02759999968111515,0.05689999833703041,-0.5519000291824341
104,2021-09-20 09:16:49.914798,18.17300033569336,122.77690124511719,4.686399936676025,-62.43280029296875,106.06210327148438,16.71430015563965,-0.04639999940991402,0.0414000004529953,-0.5778999924659729
105,2021-09-20 09:16:51.051647,20.27589988708496,122.88009643554688,2.7464001178741455,-64.31449890136719,104.7396011352539,20.284000396728516,-0.02810000069439411,0.01730000041425228,-0.5781999826431274
106,2021-09-20 09:16:52.082611,19.482099533081055,123.37770080566406,2.673099994659424,-65.6364974975586,104.47209930419922,19.651199340820312,0.048500001430511475,-0.03180000185966492,-0.5726000070571899
107,2021-09-20 09:16:53.126001,19.67569923400879,123.79309844970703,2.6275999546051025,-63.22919845581055,107.16300201416016,15.392200469970703,-0.019700000062584877,0.05180000141263008,-0.5598999857902527
108,2021-09-20 09:16:54.161378,17.06369972229004,124.53399658203125,2.7855000495910645,-60.37369918823242,109.15670013427734,15.731599807739258,-0.08460000157356262,0.059700001031160355,-0.5386000275611877
109,2021-09-20 09:16:55.205219,19.240299224853516,124.66020202636719,0.25209999084472656,-63.194698333740234,107.44100189208984,19.320499420166016,-0.07819999754428864,0.045899998396635056,-0.5458999872207642
110,2021-09-20 09:16:56.242396,16.12299919128418,125.51029968261719,-0.5796999931335449,-66.19580078125,106.91290283203125,14.173399925231934,-0.01269999984651804,0.026200000196695328,-0.5526000261306763
111,2021-09-20 09:16:57.284689,16.63249969482422,125.79900360107422,-3.710599899291992,-65.21479797363281,108.07589721679688,13.50629997253418,-0.02979999966919422,0.0471000000834465,-0.5187000036239624
112,2021-09-20 09:16:58.343944,17.88279914855957,126.07019805908203,-3.853800058364868,-65.20870208740234,108.35900115966797,15.313400268554688,-0.03739999979734421,0.04639999940991402,-0.5177000164985657
113,2021-09-20 09:16:59.481923,18.54129981994629,126.34649658203125,-3.4941999912261963,-61.88859939575195,109.8759994506836,20.408300399780273,-0.08739999681711197,0.032999999821186066,-0.49810001254081726
114,2021-09-20 09:17:00.519272,12.900500297546387,127.45960235595703,-5.106400012969971,-69.14289855957031,107.74099731445312,7.040800094604492,0.0471000000834465,0.024299999698996544,-0.5289999842643738
115,2021-09-20 09:17:01.558321,19.587299346923828,126.86509704589844,-6.395400047302246,-64.88569641113281,109.46759796142578,18.055700302124023,0.016599999740719795,0.00419999985024333,-0.4828999936580658
116,2021-09-20 09:17:02.592465,15.0649995803833,128.03610229492188,-5.268899917602539,-70.62899780273438,107.3727035522461,11.428799629211426,0.025800000876188278,0.016899999231100082,-0.5396999716758728
117,2021-09-20 09:17:03.629267,16.150100708007812,128.2646942138672,-5.430600166320801,-68.67559814453125,109.28630065917969,9.073699951171875,0.04560000076889992,0.03629999980330467,-0.5177000164985657
118,2021-09-20 09:17:04.662692,16.417299270629883,128.63429260253906,-6.953800201416016,-74.71900177001953,105.22540283203125,14.468500137329102,0.04100000113248825,-0.010499999858438969,-0.5584999918937683
119,2021-09-20 09:17:05.700362,17.97800064086914,128.82919311523438,-6.919600009918213,-70.85820007324219,107.9219970703125,17.321300506591797,0.002099999925121665,0.004699999932199717,-0.527400016784668
120,2021-09-20 09:17:06.757163,14.798700332641602,129.80850219726562,-5.4375,-73.52059936523438,107.74970245361328,9.14109992980957,-0.003100000089034438,0.05480000004172325,-0.5598999857902527
121,2021-09-20 09:17:07.891577,19.06909942626953,129.62420654296875,-5.774700164794922,-67.61190032958984,110.45469665527344,20.68320083618164,-0.06650000065565109,0.026499999687075615,-0.5146999955177307
122,2021-09-20 09:17:08.928652,11.526200294494629,131.02659606933594,-6.046199798583984,-73.43820190429688,108.4446029663086,13.564299583435059,-0.03280000016093254,0.0035000001080334187,-0.5519000291824341
123,2021-09-20 09:17:09.976608,13.328700065612793,131.2353973388672,-5.545100212097168,-73.65119934082031,108.89070129394531,12.225000381469727,-0.022299999371170998,0.025299999862909317,-0.555400013923645
124,2021-09-20 09:17:11.020442,12.819299697875977,131.7270050048828,-7.190299987792969,-75.1969985961914,108.60790252685547,10.852299690246582,-0.01940000057220459,0.031599998474121094,-0.5537999868392944
125,2021-09-20 09:17:12.058278,14.814200401306152,132.04820251464844,-7.301400184631348,-74.87860107421875,109.23809814453125,13.027799606323242,0.01679999940097332,0.004900000058114529,-0.5444999933242798
126,2021-09-20 09:17:13.099722,13.74489974975586,132.69000244140625,-6.285799980163574,-75.5823974609375,109.98660278320312,5.032400131225586,-0.0012000000569969416,0.08030000329017639,-0.5580000281333923
127,2021-09-20 09:17:14.145052,9.718799591064453,133.4178009033203,-7.311999797821045,-72.92140197753906,112.0521011352539,8.660900115966797,-0.04490000009536743,0.03869999945163727,-0.5253000259399414
128,2021-09-20 09:17:15.178385,11.258099555969238,133.61090087890625,-9.24899959564209,-77.18360137939453,109.81089782714844,6.95959997177124,0.03669999912381172,0.013399999588727951,-0.5422999858856201
129,2021-09-20 09:17:16.216307,15.273300170898438,133.36749267578125,-12.835800170898438,-76.0271987915039,110.42030334472656,14.565299987792969,-0.011699999682605267,0.014499999582767487,-0.508899986743927
130,2021-09-20 09:17:17.270774,12.133999824523926,134.36669921875,-11.077699661254883,-76.18060302734375,111.69580078125,6.703000068664551,-0.002300000051036477,0.0502999983727932,-0.5184000134468079
131,2021-09-20 09:17:18.407427,13.355999946594238,134.68580627441406,-11.72719955444336,-79.08499908447266,110.06849670410156,9.309300422668457,0.02669999934732914,0.01759999990463257,-0.5354999899864197
132,2021-09-20 09:17:19.448887,11.651000022888184,135.27139282226562,-12.208499908447266,-76.502197265625,112.7166976928711,5.0503997802734375,-0.002300000051036477,0.06019999831914902,-0.508400022983551
133,2021-09-20 09:17:20.486426,14.751500129699707,135.18760681152344,-14.891799926757812,-80.59700012207031,109.4092025756836,15.77400016784668,-0.003000000026077032,-0.007199999876320362,-0.5249999761581421
134,2021-09-20 09:17:21.521313,10.463299751281738,136.01010131835938,-15.03499984741211,-79.28079986572266,111.44329833984375,11.36769962310791,-0.02459999918937683,0.009399999864399433,-0.510200023651123
135,2021-09-20 09:17:22.558112,12.407699584960938,136.414794921875,-14.714599609375,-79.56919860839844,111.83280181884766,11.900899887084961,-0.01759999990463257,0.017100000753998756,-0.5130000114440918
136,2021-09-20 09:17:23.592899,10.779399871826172,136.95199584960938,-15.701800346374512,-81.36830139160156,111.55079650878906,7.36329984664917,-0.061799999326467514,0.07590000331401825,-0.5199000239372253
137,2021-09-20 09:17:24.630047,10.74839973449707,137.2635955810547,-17.300800323486328,-88.59220123291016,106.36540222167969,9.693599700927734,0.03819999843835831,-0.021800000220537186,-0.565500020980835
138,2021-09-20 09:17:25.691203,13.141200065612793,137.72360229492188,-15.583100318908691,-78.65899658203125,114.49520111083984,9.324399948120117,-0.03460000082850456,0.05719999969005585,-0.49320000410079956
139,2021-09-20 09:17:26.823176,11.975199699401855,138.0688018798828,-17.606199264526367,-83.90560150146484,111.47869873046875,6.979300022125244,0.0210999995470047,0.028999999165534973,-0.5187000036239624
140,2021-09-20 09:17:27.851286,10.674699783325195,138.80499267578125,-16.093700408935547,-85.28690338134766,111.1250991821289,4.1402997970581055,0.023000000044703484,0.041200000792741776,-0.5400000214576721
141,2021-09-20 09:17:28.900415,12.512900352478027,138.80880737304688,-18.721900939941406,-86.54080200195312,110.08660125732422,12.907699584960938,-0.014299999922513962,0.007699999958276749,-0.5335000157356262
142,2021-09-20 09:17:29.933439,10.445799827575684,139.404296875,-19.1156005859375,-85.44650268554688,111.69999694824219,11.40530014038086,0.010499999858438969,-0.016599999740719795,-0.5152000188827515
143,2021-09-20 09:17:30.974648,11.061699867248535,139.79080200195312,-19.708499908447266,-88.03469848632812,110.46710205078125,9.958399772644043,0.016899999231100082,-0.0035000001080334187,-0.5315999984741211
144,2021-09-20 09:17:32.013062,9.465900421142578,140.02560424804688,-22.221500396728516,-94.26629638671875,105.50409698486328,13.165200233459473,0.025299999862909317,-0.05739999935030937,-0.5665000081062317
145,2021-09-20 09:17:33.045606,18.169300079345703,140.74960327148438,-13.847800254821777,-84.93440246582031,114.20919799804688,8.645899772644043,0.05570000037550926,0.0421999990940094,-0.5407000184059143
146,2021-09-20 09:17:34.256872,10.965200424194336,141.49639892578125,-18.158100128173828,-84.74690246582031,115.16580200195312,5.09630012512207,-0.03889999911189079,0.07980000227689743,-0.5095999836921692
147,2021-09-20 09:17:35.396031,7.837299823760986,142.043701171875,-19.635799407958984,-87.65080261230469,113.48470306396484,7.871399879455566,-0.04820000007748604,0.03700000047683716,-0.5227000117301941
148,2021-09-20 09:17:36.435183,8.808099746704102,142.5438995361328,-19.277700424194336,-89.66570281982422,112.56120300292969,7.616399765014648,-0.04569999873638153,0.0471000000834465,-0.5408999919891357
149,2021-09-20 09:17:37.474212,14.372699737548828,142.62210083007812,-19.127500534057617,-88.09739685058594,113.35449981689453,17.40999984741211,-0.02410000003874302,-0.00800000037997961,-0.5289999842643738
150,2021-09-20 09:17:38.518932,8.39009952545166,143.07879638671875,-22.950599670410156,-92.67479705810547,111.35430145263672,8.959500312805176,-0.015399999916553497,0.007699999958276749,-0.5360000133514404
151,2021-09-20 09:17:39.561501,8.290599822998047,143.4886016845703,-23.658000946044922,-91.05030059814453,113.57460021972656,5.299600124359131,0.0,0.026399999856948853,-0.5131000280380249
152,2021-09-20 09:17:40.596147,13.288299560546875,143.93789672851562,-21.44099998474121,-85.62079620361328,116.93499755859375,18.69969940185547,-0.09969999641180038,0.027400000020861626,-0.4934000074863434
153,2021-09-20 09:17:41.630546,12.953399658203125,144.1448974609375,-23.83880043029785,-88.5823974609375,115.22740173339844,19.739200592041016,-0.03669999912381172,-0.030500000342726707,-0.49320000410079956
154,2021-09-20 09:17:42.678429,10.180100440979004,144.83880615234375,-23.81679916381836,-86.00679779052734,119.02059936523438,9.277899742126465,0.0003000000142492354,0.007300000172108412,-0.46299999952316284
155,2021-09-20 09:17:43.709481,11.713299751281738,144.78419494628906,-26.04949951171875,-92.20050048828125,114.57830047607422,12.211299896240234,0.051100000739097595,-0.04520000144839287,-0.492900013923645
156,2021-09-20 09:17:44.762168,11.130399703979492,145.85009765625,-23.342899322509766,-90.76399993896484,117.02110290527344,2.996799945831299,0.0421999990940094,0.03680000081658363,-0.5012999773025513
157,2021-09-20 09:17:45.897892,7.828999996185303,146.92010498046875,-20.53019905090332,-94.50869750976562,114.58049774169922,-2.7785000801086426,0.07519999891519547,0.030500000342726707,-0.5512999892234802
158,2021-09-20 09:17:46.945573,10.640899658203125,147.05650329589844,-21.967599868774414,-94.4480972290039,114.59400177001953,13.007699966430664,-0.051100000739097595,0.02160000056028366,-0.544700026512146
159,2021-09-20 09:17:47.986100,4.794899940490723,147.5229949951172,-24.68269920349121,-96.70980072021484,114.1541976928711,3.3619000911712646,0.020600000396370888,-0.004900000058114529,-0.5364999771118164
160,2021-09-20 09:17:49.028375,9.506099700927734,147.22999572753906,-27.867900848388672,-99.88629913330078,112.03730010986328,3.7479000091552734,0.0035000001080334187,0.04830000177025795,-0.5424000024795532
161,2021-09-20 09:17:50.059308,8.724200248718262,147.57420349121094,-29.395099639892578,-98.74250030517578,113.8678970336914,1.5293999910354614,0.020600000396370888,0.04540000110864639,-0.5187000036239624
162,2021-09-20 09:17:51.088006,11.293499946594238,147.74270629882812,-30.42970085144043,-102.80560302734375,109.82869720458984,15.813300132751465,-0.04639999940991402,0.002400000113993883,-0.5523999929428101
163,2021-09-20 09:17:52.138758,9.259099960327148,147.9698028564453,-32.63740158081055,-98.87429809570312,114.88880157470703,8.390800476074219,0.025699999183416367,-0.014499999582767487,-0.4916999936103821
164,2021-09-20 09:17:53.273066,12.094799995422363,149.57090759277344,-26.123199462890625,-96.84339904785156,117.46209716796875,4.9166998863220215,0.044199999421834946,0.024800000712275505,-0.5160999894142151
165,2021-09-20 09:17:55.283022,9.189200401306152,149.7469940185547,-32.07229995727539,-101.05809783935547,115.17019653320312,7.767099857330322,-0.019899999722838402,0.02979999966919422,-0.5109000205993652
166,2021-09-20 09:17:56.340762,11.119600296020508,150.73989868164062,-29.417400360107422,-98.53980255126953,118.31950378417969,1.385699987411499,0.04500000178813934,0.04490000009536743,-0.5024999976158142
167,2021-09-20 09:17:57.471832,11.50879955291748,150.46890258789062,-33.50239944458008,-104.86869812011719,112.345703125,16.63610076904297,-0.003100000089034438,-0.04259999841451645,-0.5295000076293945
168,2021-09-20 09:17:58.501914,7.920000076293945,150.74209594726562,-35.631900787353516,-105.70939636230469,112.98560333251953,10.738100051879883,-0.01679999940097332,-0.00930000003427267,-0.5205000042915344
169,2021-09-20 09:17:59.529971,11.313400268554688,150.9842987060547,-36.23059844970703,-104.41419982910156,114.31060028076172,16.360300064086914,-0.029100000858306885,-0.017500000074505806,-0.5058000087738037
170,2021-09-20 09:18:00.558974,7.1168999671936035,151.7239990234375,-36.440799713134766,-104.74810028076172,114.86630249023438,15.242300033569336,-0.07419999688863754,-0.00279999990016222,-0.5074999928474426
171,2021-09-20 09:18:01.610245,8.84850025177002,152.0572967529297,-37.410499572753906,-105.69760131835938,115.72540283203125,5.908299922943115,0.04050000011920929,-0.011500000022351742,-0.4968999922275543
172,2021-09-20 09:18:02.760535,20.087499618530273,154.0760040283203,-25.487899780273438,-97.08550262451172,123.25900268554688,13.197999954223633,0.052400000393390656,0.014800000004470348,-0.5001999735832214
173,2021-09-20 09:18:03.796885,19.074600219726562,154.72999572753906,-25.263700485229492,-92.92960357666016,127.0259017944336,13.113499641418457,0.031599998474121094,0.023900000378489494,-0.4690000116825104
174,2021-09-20 09:18:04.835037,12.45419979095459,153.5177001953125,-37.309600830078125,-100.34600067138672,122.07769775390625,11.938300132751465,-0.05530000105500221,0.04989999905228615,-0.45399999618530273
175,2021-09-20 09:18:05.880885,9.43340015411377,153.97579956054688,-38.651798248291016,-103.2052001953125,120.5447006225586,10.448599815368652,-0.031599998474121094,0.018699999898672104,-0.4641000032424927
176,2021-09-20 09:18:06.917010,8.551400184631348,154.32080078125,-39.897098541259766,-102.81829833984375,121.89720153808594,7.021100044250488,-0.04170000180602074,0.04780000075697899,-0.4498000144958496
177,2021-09-20 09:18:07.968967,7.450099945068359,154.6208953857422,-41.288700103759766,-106.8770980834961,119.23400115966797,5.331299781799316,0.02710000053048134,-0.006500000134110451,-0.46880000829696655
178,2021-09-20 09:18:09.013937,10.000100135803223,155.82760620117188,-38.221500396728516,-101.29029846191406,124.81410217285156,2.202500104904175,-0.005900000222027302,0.0674000009894371,-0.44279998540878296
179,2021-09-20 09:18:10.049643,7.373199939727783,156.15350341796875,-39.988800048828125,-102.51460266113281,124.5802993774414,2.8048999309539795,-0.0012000000569969416,0.037700001150369644,-0.43860000371932983
180,2021-09-20 09:18:11.101960,8.377599716186523,156.548095703125,-40.32630157470703,-102.55180358886719,125.1229019165039,5.57390022277832,0.02759999968111515,-0.00019999999494757503,-0.4334999918937683
181,2021-09-20 09:18:12.237204,6.702099800109863,157.29530334472656,-40.00429916381836,-103.68800354003906,124.44049835205078,12.265700340270996,-0.0723000019788742,0.015699999406933784,-0.4489000141620636
182,2021-09-20 09:18:13.277415,7.514400005340576,157.3267059326172,-41.654598236083984,-109.49259948730469,120.36920166015625,8.11620044708252,-0.02810000069439411,0.020600000396370888,-0.48069998621940613
183,2021-09-20 09:18:14.312737,3.930299997329712,157.7407989501953,-42.964500427246094,-115.60890197753906,115.09950256347656,11.411800384521484,-0.03790000081062317,-0.026900000870227814,-0.522599995136261
184,2021-09-20 09:18:15.353617,6.269899845123291,157.0050048828125,-47.47330093383789,-111.40470123291016,120.03479766845703,-11.144700050354004,0.13439999520778656,0.019899999722838402,-0.4571000039577484
185,2021-09-20 09:18:19.588491,1.687000036239624,157.93800354003906,-51.996299743652344,-120.41329956054688,114.67980194091797,-0.20980000495910645,0.04149999842047691,-0.02710000053048134,-0.4909999966621399
186,2021-09-20 09:18:20.640761,5.47790002822876,161.20399475097656,-42.79650115966797,-109.66690063476562,124.65840148925781,16.784500122070312,-0.0681999996304512,-0.030400000512599945,-0.4650999903678894
187,2021-09-20 09:18:21.679753,4.811200141906738,162.0926055908203,-41.85969924926758,-109.510498046875,126.63249969482422,4.585400104522705,-0.06889999657869339,0.061400000005960464,-0.4607999920845032
188,2021-09-20 09:18:22.712909,3.4481000900268555,162.35459899902344,-43.22869873046875,-113.31189727783203,124.08560180664062,1.6712000370025635,0.00989999994635582,0.005200000014156103,-0.4797999858856201
189,2021-09-20 09:18:23.754290,7.583199977874756,162.8972930908203,-42.995399475097656,-114.07460021972656,123.87370300292969,9.161800384521484,-0.04050000011920929,0.02459999918937683,-0.4880000054836273
190,2021-09-20 09:18:24.789923,3.9941999912261963,162.94720458984375,-45.48640060424805,-114.4574966430664,124.0779037475586,11.870200157165527,-0.09700000286102295,0.026399999856948853,-0.4758000075817108
191,2021-09-20 09:18:25.843538,4.854700088500977,163.99569702148438,-43.88759994506836,-111.2354965209961,127.87319946289062,10.926600456237793,-0.08479999750852585,0.026499999687075615,-0.4571000039577484
192,2021-09-20 09:18:26.977085,1.4733999967575073,163.96240234375,-46.43230056762695,-114.2499008178711,126.19380187988281,7.992099761962891,-0.04490000009536743,-0.010999999940395355,-0.4607999920845032
193,2021-09-20 09:18:28.028512,5.213600158691406,165.347900390625,-43.01499938964844,-118.16439819335938,123.46009826660156,-3.490000009536743,0.03280000016093254,0.03909999877214432,-0.5095999836921692
194,2021-09-20 09:18:29.072193,4.942800045013428,165.57080078125,-44.70650100708008,-114.69519805908203,127.5353012084961,4.06820011138916,0.0012000000569969416,0.005799999926239252,-0.46880000829696655
195,2021-09-20 09:18:30.116399,3.783099889755249,165.03750610351562,-48.84830093383789,-116.10820007324219,126.9104995727539,7.104800224304199,-0.00839999970048666,-0.01850000023841858,-0.4530999958515167
196,2021-09-20 09:18:31.155374,4.220399856567383,166.2613067626953,-46.79600143432617,-119.37789916992188,124.86630249023438,-2.799799919128418,-0.00800000037997961,0.06390000134706497,-0.4884999990463257
197,2021-09-20 09:18:32.202726,3.334199905395508,165.6123046875,-50.7234992980957,-121.15460205078125,123.73280334472656,4.8109002113342285,0.003000000026077032,-0.014800000004470348,-0.4772999882698059
198,2021-09-20 09:18:33.242171,6.391900062561035,166.11700439453125,-50.59090042114258,-123.35530090332031,121.73539733886719,12.61340045928955,-0.04360000044107437,-0.006800000090152025,-0.49790000915527344
199,2021-09-20 09:18:34.292014,1.0393999814987183,166.89120483398438,-50.520999908447266,-119.37059783935547,126.86949920654297,-7.804800033569336,0.028999999165534973,0.042399998754262924,-0.46149998903274536
200,2021-09-20 09:18:35.420961,4.787399768829346,167.0155029296875,-51.62419891357422,-118.65979766845703,128.2987060546875,6.4369001388549805,-0.0502999983727932,0.03370000049471855,-0.44769999384880066
201,2021-09-20 09:18:36.454569,3.2471001148223877,168.36920166015625,-49.10200119018555,-118.73909759521484,129.10330200195312,1.7545000314712524,-0.04170000180602074,0.04989999905228615,-0.45969998836517334
202,2021-09-20 09:18:37.491744,7.283100128173828,168.36839294433594,-50.39860153198242,-118.94509887695312,129.33189392089844,8.143600463867188,-0.023900000378489494,0.015399999916553497,-0.4537999927997589
203,2021-09-20 09:18:38.535306,5.3144001960754395,167.84100341796875,-54.15190124511719,-123.55149841308594,125.96080017089844,0.3865000009536743,0.01640000008046627,0.023000000044703484,-0.46389999985694885
204,2021-09-20 09:18:39.581925,8.067500114440918,167.9123992919922,-55.06999969482422,-114.99210357666016,131.789794921875,26.46980094909668,-0.10840000212192535,-0.04399999976158142,-0.4081000089645386
205,2021-09-20 09:18:40.624969,5.548999786376953,169.37899780273438,-52.449100494384766,-120.70059967041016,129.98890686035156,2.279400110244751,0.01679999940097332,0.009600000455975533,-0.4480000138282776
206,2021-09-20 09:18:41.691997,8.368800163269043,169.7790985107422,-52.681400299072266,-119.54139709472656,131.83030700683594,0.9593999981880188,-0.0284000001847744,0.0820000022649765,-0.43650001287460327
207,2021-09-20 09:18:46.036117,4.76639986038208,171.7136993408203,-54.55270004272461,-119.8156967163086,134.63760375976562,1.1023000478744507,-0.004699999932199717,0.03139999881386757,-0.41990000009536743
208,2021-09-20 09:18:47.074188,10.02970027923584,172.55520629882812,-53.25809860229492,-116.90740203857422,137.5612030029297,11.040399551391602,-0.06019999831914902,0.04399999976158142,-0.4081000089645386
209,2021-09-20 09:18:48.112600,11.757399559020996,172.70950317382812,-54.30270004272461,-117.51229858398438,137.65919494628906,12.50529956817627,-0.0348999984562397,0.024399999529123306,-0.4043999910354614
210,2021-09-20 09:18:49.156461,12.659099578857422,174.01119995117188,-51.89350128173828,-111.75969696044922,141.93170166015625,22.321300506591797,-0.11659999936819077,0.02459999918937683,-0.38609999418258667
211,2021-09-20 09:18:50.193292,11.726900100708008,174.3112030029297,-52.93960189819336,-117.64029693603516,138.59860229492188,16.60379981994629,-0.007699999958276749,-0.028599999845027924,-0.4081000089645386
212,2021-09-20 09:18:51.248512,12.403900146484375,175.24639892578125,-51.92129898071289,-116.40740203857422,140.9261016845703,12.252300262451172,0.01080000028014183,-0.007899999618530273,-0.40139999985694885
213,2021-09-20 09:18:52.396159,10.101099967956543,176.87950134277344,-48.977901458740234,-121.46720123291016,137.76699829101562,7.291900157928467,-0.010300000198185444,0.029500000178813934,-0.4535999894142151
214,2021-09-20 09:18:54.448745,12.08329963684082,178.76449584960938,-45.07400131225586,-125.82540130615234,135.27810668945312,1.4836000204086304,-0.01899999938905239,0.09619999676942825,-0.5041999816894531
215,2021-09-20 09:18:55.507442,13.91819953918457,178.0543975830078,-48.932098388671875,-121.51499938964844,139.70460510253906,2.8606998920440674,0.025299999862909317,0.05719999969005585,-0.44920000433921814
216,2021-09-20 09:18:56.647698,8.228599548339844,179.00450134277344,-48.5192985534668,-124.5791015625,137.5749053955078,4.200099945068359,0.040699999779462814,-0.007499999832361937,-0.4697999954223633
217,2021-09-20 09:19:04.826246,11.302300453186035,181.97410583496094,-50.14950180053711,-118.30349731445312,146.1082000732422,20.345800399780273,-0.08219999819993973,0.005100000184029341,-0.4171000123023987
218,2021-09-20 09:19:09.062744,8.800000190734863,183.87460327148438,-49.44969940185547,-117.27799987792969,150.1750030517578,5.088200092315674,0.012199999764561653,0.015200000256299973,-0.4004000127315521
219,2021-09-20 09:19:10.101540,15.621999740600586,184.2781982421875,-47.59339904785156,-117.38400268554688,150.60450744628906,2.626800060272217,0.029100000858306885,0.06369999796152115,-0.41100001335144043
220,2021-09-20 09:19:11.138485,10.140899658203125,184.13330078125,-51.06560134887695,-119.18080139160156,148.9897003173828,14.61520004272461,-0.04399999976158142,0.005200000014156103,-0.4065000116825104
221,2021-09-20 09:19:13.235995,11.169400215148926,184.89559936523438,-50.9119987487793,-119.82749938964844,149.86669921875,9.19279956817627,0.0012000000569969416,0.012199999764561653,-0.40610000491142273
222,2021-09-20 09:19:14.307123,13.838399887084961,185.15029907226562,-50.416099548339844,-118.00399780273438,151.93569946289062,2.1196000576019287,-0.03020000085234642,0.1006999984383583,-0.39649999141693115
223,2021-09-20 09:19:15.442982,11.511099815368652,185.87989807128906,-49.83729934692383,-118.57779693603516,151.99319458007812,-2.2267000675201416,0.05860000103712082,0.04470000043511391,-0.40139999985694885
224,2021-09-20 09:19:19.706055,16.84779930114746,187.1927947998047,-48.976898193359375,-111.66850280761719,158.3177032470703,13.76099967956543,0.012600000016391277,0.010599999688565731,-0.3580999970436096
225,2021-09-20 09:19:20.744779,11.324199676513672,188.2635955810547,-47.94499969482422,-115.66629791259766,156.00059509277344,12.459699630737305,-0.03959999978542328,0.022199999541044235,-0.39100000262260437
226,2021-09-20 09:19:21.778553,20.529600143432617,187.55990600585938,-48.99850082397461,-108.47129821777344,160.3936004638672,22.5585994720459,-0.027400000020861626,0.005900000222027302,-0.3418999910354614
227,2021-09-20 09:19:22.837393,10.225700378417969,188.71279907226562,-49.32170104980469,-113.61519622802734,158.49290466308594,11.012299537658691,-0.0003000000142492354,-0.004699999932199717,-0.3662000000476837
228,2021-09-20 09:19:23.969945,12.899399757385254,189.20950317382812,-48.3036003112793,-113.79650115966797,159.0731964111328,6.777599811553955,-0.04360000044107437,0.0697999969124794,-0.3732999861240387
229,2021-09-20 09:19:25.015563,17.71980094909668,189.24609375,-47.95719909667969,-110.20330047607422,160.69200134277344,21.477100372314453,0.009800000116229057,-0.029999999329447746,-0.35030001401901245
230,2021-09-20 09:19:26.053665,12.12339973449707,190.68789672851562,-45.727699279785156,-113.72229766845703,160.08740234375,6.25570011138916,0.004699999932199717,0.0333000011742115,-0.3831000030040741
231,2021-09-20 09:19:30.214269,15.064299583435059,191.5229949951172,-48.02199935913086,-110.71520233154297,163.068603515625,19.101299285888672,-0.031199999153614044,-0.0035000001080334187,-0.3528999984264374
232,2021-09-20 09:19:31.277534,21.324399948120117,193.44979858398438,-39.12099838256836,-101.24729919433594,170.37319946289062,11.400500297546387,0.010099999606609344,0.052400000393390656,-0.3384000062942505
233,2021-09-20 09:19:33.435077,21.5851993560791,193.2021942138672,-43.90549850463867,-100.45880126953125,170.9416961669922,20.190399169921875,-0.03319999948143959,0.027799999341368675,-0.31189998984336853
234,2021-09-20 09:19:34.498973,13.217599868774414,193.71380615234375,-46.46689987182617,-99.49700164794922,172.4281005859375,15.093899726867676,-0.05460000038146973,0.020800000056624413,-0.2915000021457672
235,2021-09-20 09:19:35.644772,9.846400260925293,194.5717010498047,-45.79890060424805,-97.48519897460938,173.43910217285156,21.63680076599121,-0.07349999994039536,-0.026399999856948853,-0.2858999967575073
236,2021-09-20 09:19:36.675313,18.896099090576172,193.91799926757812,-46.052101135253906,-100.04080200195312,172.718505859375,15.56190013885498,-0.008200000040233135,0.02410000003874302,-0.29339998960494995
237,2021-09-20 09:19:37.735666,14.841400146484375,194.9705047607422,-46.137298583984375,-104.40740203857422,170.4449005126953,20.249399185180664,-0.04820000007748604,-0.002099999925121665,-0.3208000063896179
238,2021-09-20 09:19:38.865291,17.880599975585938,195.20199584960938,-45.9635009765625,-103.32599639892578,172.65220642089844,7.152500152587891,-0.03869999945163727,0.08550000190734863,-0.31119999289512634
239,2021-09-20 09:19:39.898202,9.624799728393555,196.09320068359375,-46.15890121459961,-98.44560241699219,175.00439453125,18.91469955444336,-0.10930000245571136,0.008899999782443047,-0.28780001401901245
240,2021-09-20 09:19:40.960963,17.434799194335938,196.83859252929688,-42.08530044555664,-88.1041030883789,180.5771026611328,21.216400146484375,-0.07840000092983246,0.01759999990463257,-0.2500999867916107
241,2021-09-20 09:19:42.096218,17.3518009185791,197.30020141601562,-41.82429885864258,-95.29199981689453,177.74620056152344,17.41939926147461,0.006500000134110451,-0.003800000064074993,-0.2825999855995178
242,2021-09-20 09:19:46.365137,10.855299949645996,198.85719299316406,-43.89099884033203,-98.4188003540039,178.56399536132812,4.134799957275391,0.009399999864399433,0.032499998807907104,-0.28690001368522644
243,2021-09-20 09:19:47.403351,18.469600677490234,198.67230224609375,-44.290000915527344,-95.69159698486328,180.53160095214844,4.989699840545654,-0.032600000500679016,0.09220000356435776,-0.27070000767707825
244,2021-09-20 09:19:48.447227,24.642099380493164,197.99020385742188,-45.80419921875,-97.6948013305664,179.18380737304688,15.94540023803711,0.031599998474121094,0.03139999881386757,-0.2709999978542328
245,2021-09-20 09:19:49.506817,23.65530014038086,198.13079833984375,-47.4453010559082,-97.47750091552734,179.54490661621094,18.116199493408203,-0.04780000075697899,0.057100001722574234,-0.26809999346733093
246,2021-09-20 09:19:50.642985,26.930999755859375,197.99620056152344,-46.25899887084961,-90.67289733886719,182.97520446777344,19.135000228881836,-0.05689999833703041,0.07119999825954437,-0.2379000037908554
247,2021-09-20 09:19:51.679764,22.143400192260742,199.5825958251953,-45.179901123046875,-96.19660186767578,179.9886932373047,26.739599227905273,-0.04969999939203262,0.0012000000569969416,-0.273499995470047
248,2021-09-20 09:19:52.735736,19.61389923095703,199.89259338378906,-46.33110046386719,-85.81379699707031,186.03250122070312,22.72100067138672,-0.06109999865293503,0.011699999682605267,-0.2102999985218048
249,2021-09-20 09:19:53.869226,16.463300704956055,200.89849853515625,-45.04669952392578,-90.06510162353516,185.3231964111328,14.28339958190918,-0.0812000036239624,0.051500000059604645,-0.23680000007152557
250,2021-09-20 09:19:58.102328,15.628700256347656,203.0023956298828,-42.264198303222656,-88.15360260009766,186.96380615234375,22.671300888061523,-0.07660000026226044,-0.0012000000569969416,-0.24169999361038208
251,2021-09-20 09:19:59.136360,19.886499404907227,203.3553009033203,-40.777000427246094,-80.1073989868164,190.9344940185547,23.203399658203125,-0.08169999718666077,0.01730000041425228,-0.20720000565052032
252,2021-09-20 09:20:00.193788,15.45460033416748,204.22850036621094,-39.95090103149414,-76.62760162353516,193.64720153808594,13.15999984741211,-0.01679999940097332,0.01850000023841858,-0.1850000023841858
253,2021-09-20 09:20:01.331840,18.0,203.73849487304688,-40.52149963378906,-75.23899841308594,194.42019653320312,3.905900001525879,-0.003100000089034438,0.0737999975681305,-0.17440000176429749
254,2021-09-20 09:20:02.366735,22.008399963378906,204.3114013671875,-39.765201568603516,-71.47059631347656,194.20919799804688,31.361299514770508,-0.09669999778270721,-0.011900000274181366,-0.1720999926328659
255,2021-09-20 09:20:03.430251,23.89620018005371,205.02459716796875,-33.66960144042969,-66.95909881591797,197.5330047607422,15.392999649047852,0.024299999698996544,0.0348999984562397,-0.16339999437332153
256,2021-09-20 09:20:07.745679,18.637100219726562,207.4846954345703,-31.980199813842773,-66.48889923095703,198.12100219726562,27.33609962463379,-0.03420000150799751,-0.03229999914765358,-0.1738000065088272
257,2021-09-20 09:20:08.783586,-109.98049926757812,94.18229675292969,-153.5677032470703,-167.29269409179688,79.6946029663086,-101.04949951171875,-0.059700001031160355,0.01080000028014183,-0.08449999988079071
258,2021-09-20 09:20:09.842772,-105.76029968261719,92.75800323486328,-157.59979248046875,-169.03990173339844,74.27989959716797,-102.64019775390625,-0.039799999445676804,0.045899998396635056,-0.08399999886751175
259,2021-09-20 09:20:14.189501,20.279199600219727,200.58680725097656,65.8843002319336,55.930301666259766,204.43350219726562,8.110400199890137,0.03579999879002571,0.06949999928474426,-0.04800000041723251
260,2021-09-20 09:20:15.227553,18.47369956970215,208.49549865722656,-35.009700775146484,-39.932701110839844,208.131103515625,11.143199920654297,-0.025299999862909317,0.04010000079870224,-0.02500000037252903
261,2021-09-20 09:20:16.287040,-102.72250366210938,94.12049865722656,-160.25059509277344,-160.94729614257812,84.33180236816406,-109.88610076904297,0.011500000022351742,0.060600001364946365,-0.0210999995470047
262,2021-09-20 09:20:17.423638,19.520299911499023,208.2725067138672,-37.60200119018555,-36.28739929199219,209.0417938232422,12.535300254821777,-0.018300000578165054,0.03669999912381172,0.005200000014156103
263,2021-09-20 09:20:19.513196,19.040599822998047,208.63980102539062,-37.406700134277344,-30.11639976501465,210.40440368652344,10.740699768066406,0.011300000362098217,0.03790000081062317,0.03539999946951866
264,2021-09-20 09:20:20.575419,21.168399810791016,208.45289611816406,-37.82310104370117,-23.984399795532227,211.3480987548828,9.3818998336792,0.006300000008195639,0.0551999993622303,0.06629999727010727
265,2021-09-20 09:20:21.712973,22.290199279785156,207.92660522460938,-40.48849868774414,-16.722700119018555,211.5948028564453,17.822099685668945,-0.00860000029206276,0.021800000220537186,0.11259999871253967
266,2021-09-20 09:20:22.766594,10.218500137329102,209.8054962158203,-35.635398864746094,-1.1898000240325928,212.7071990966797,12.119600296020508,-0.005900000222027302,-0.008899999782443047,0.1623000055551529
267,2021-09-20 09:20:23.900873,18.398700714111328,209.70919799804688,-33.35609817504883,9.24779987335205,212.26890563964844,16.895700454711914,-0.031199999153614044,0.005799999926239252,0.1987999975681305
268,2021-09-20 09:20:24.960204,13.378700256347656,210.2176055908203,-32.908599853515625,13.378100395202637,212.76759338378906,-2.092900037765503,0.019899999722838402,0.07400000095367432,0.21799999475479126
269,2021-09-20 09:20:26.107871,15.227399826049805,209.7686004638672,-35.83169937133789,2.078700065612793,213.339599609375,0.7222999930381775,0.03739999979734421,0.06840000301599503,0.17910000681877136
270,2021-09-20 09:20:27.147494,21.904199600219727,209.51780700683594,-34.2234001159668,0.9901999831199646,212.7498016357422,16.88960075378418,-0.007499999832361937,0.023600000888109207,0.16599999368190765
271,2021-09-20 09:20:28.397392,12.908100128173828,210.75540161132812,-32.0880012512207,-3.748300075531006,213.50869750976562,3.746799945831299,-0.019500000402331352,0.043299999088048935,0.133200004696846
272,2021-09-20 09:20:29.452705,17.1156005859375,210.402099609375,-32.9453010559082,2.9755001068115234,213.58949279785156,-4.2469000816345215,0.05990000069141388,0.10090000182390213,0.1680999994277954
273,2021-09-20 09:20:30.588530,17.105600357055664,210.9967041015625,-29.06570053100586,14.755399703979492,212.69369506835938,14.166600227355957,0.016899999231100082,0.014999999664723873,0.20730000734329224
274,2021-09-20 09:20:31.643683,19.126100540161133,210.26150512695312,-29.20159912109375,27.766000747680664,211.30670166015625,2.639400005340576,0.010999999940395355,0.07959999889135361,0.26930001378059387
275,2021-09-20 09:20:32.781598,22.74049949645996,211.5626983642578,-20.467100143432617,51.89080047607422,205.34730529785156,28.890600204467773,-0.046300001442432404,-0.0414000004529953,0.33629998564720154
276,2021-09-20 09:20:33.837707,18.23040008544922,211.58030700683594,-18.972700119018555,60.33300018310547,202.65769958496094,27.354999542236328,0.03180000185966492,-0.03539999946951866,0.3815000057220459
277,2021-09-20 09:20:38.154845,-206.3468017578125,47.52190017700195,-32.22629928588867,-5.817599773406982,66.85900115966797,-203.4008026123047,-0.00860000029206276,-0.046799998730421066,0.5248000025749207
278,2021-09-20 09:20:46.483304,16.987600326538086,214.097900390625,2.5999999046325684,169.5072021484375,131.7218017578125,7.0655999183654785,-0.03720000013709068,0.02759999968111515,0.8985000252723694
279,2021-09-20 09:20:47.701905,20.376300811767578,213.97459411621094,0.7662000060081482,169.05299377441406,132.5522003173828,7.205100059509277,-0.027799999341368675,0.06419999897480011,0.9053000211715698
280,2021-09-20 09:20:48.762887,8.909099578857422,214.82460021972656,1.503999948501587,170.49859619140625,130.55909729003906,10.759200096130371,0.005200000014156103,-0.007300000172108412,0.9101999998092651
281,2021-09-20 09:20:49.898019,20.838600158691406,214.14979553222656,-1.4306999444961548,168.05409240722656,133.5583953857422,14.710399627685547,0.012000000104308128,0.06129999831318855,0.9101999998092651
282,2021-09-20 09:20:50.956408,16.154399871826172,214.5435028076172,-0.2980000078678131,173.09719848632812,126.51499938964844,17.924100875854492,0.031099999323487282,0.028599999845027924,0.9438999891281128
283,2021-09-20 09:20:53.132215,11.108400344848633,214.4073028564453,-1.1713000535964966,167.78050231933594,133.877197265625,4.674300193786621,-0.006599999964237213,0.039799999445676804,0.9039000272750854
284,2021-09-20 09:20:54.193435,19.11400032043457,214.68580627441406,-1.7968000173568726,165.6708984375,137.32369995117188,12.406599998474121,-0.012900000438094139,0.0333000011742115,0.8884999752044678
285,2021-09-20 09:20:58.516056,20.09119987487793,214.10440063476562,20.08049964904785,168.2615966796875,132.45840454101562,28.113800048828125,0.0746999979019165,0.0348999984562397,0.817300021648407
286,2021-09-20 09:21:02.771639,18.497499465942383,214.90170288085938,18.029199600219727,168.10069274902344,133.03970336914062,29.875699996948242,0.04729999974370003,-0.025499999523162842,0.8192999958992004
287,2021-09-20 09:21:03.835319,22.353099822998047,214.20530700683594,23.84119987487793,171.95970153808594,128.95469665527344,27.431699752807617,0.05270000174641609,0.031199999153614044,0.8222000002861023
288,2021-09-20 09:21:04.971418,9.699700355529785,215.52740478515625,20.71809959411621,164.6667938232422,138.90350341796875,23.791500091552734,0.046799998730421066,-0.04569999873638153,0.7749000191688538
289,2021-09-20 09:21:15.566773,16.776899337768555,213.62130737304688,40.45220184326172,167.25680541992188,139.75540161132812,6.745100021362305,0.00930000003427267,0.08309999853372574,0.6909999847412109
290,2021-09-20 09:21:17.662243,15.271300315856934,212.9188995361328,45.98400115966797,164.17349243164062,143.79490661621094,7.230400085449219,-0.0012000000569969416,0.05460000038146973,0.6409000158309937
291,2021-09-20 09:21:21.812977,14.814800262451172,214.71240234375,40.81340026855469,24.555400848388672,216.65769958496094,21.049400329589844,0.014800000004470348,-0.02710000053048134,-0.0737999975681305
292,2021-09-20 09:21:22.874057,14.215700149536133,214.7541961669922,42.036800384521484,-35.56209945678711,215.92320251464844,14.178899765014648,0.002099999925121665,-0.00019999999494757503,-0.3564000129699707
293,2021-09-20 09:21:24.007260,14.945899963378906,215.2451934814453,40.39899826049805,-52.93600082397461,212.6956024169922,12.013400077819824,-0.007000000216066837,0.01549999974668026,-0.4300000071525574
294,2021-09-20 09:21:31.437697,15.5246000289917,213.89210510253906,52.622398376464844,-101.47699737548828,195.70799255371094,12.678000450134277,0.023000000044703484,0.0026000000070780516,-0.7184000015258789
295,2021-09-20 09:21:32.501299,8.237299919128418,215.0426025390625,50.518699645996094,-104.71189880371094,194.66110229492188,2.4077999591827393,-0.040699999779462814,0.05180000141263008,-0.7246999740600586
296,2021-09-20 09:21:33.635678,13.904899597167969,212.53179931640625,59.88719940185547,-118.83619689941406,186.51870727539062,6.190000057220459,-0.021800000220537186,0.05530000105500221,-0.843500018119812
297,2021-09-20 09:21:35.740923,8.032999992370605,213.76499938964844,57.89339828491211,-108.9989013671875,192.95289611816406,-0.27149999141693115,0.04349999874830246,0.01850000023841858,-0.7785999774932861
298,2021-09-20 09:21:36.801192,13.42300033569336,213.30360412597656,59.694698333740234,-113.18160247802734,190.841796875,-3.375,0.08340000361204147,0.038600001484155655,-0.8086000084877014
299,2021-09-20 09:21:37.935988,9.434399604797363,213.4897003173828,60.633399963378906,-114.06929779052734,190.44329833984375,7.92519998550415,-0.037700001150369644,0.030500000342726707,-0.8177000284194946
300,2021-09-20 09:21:38.997762,6.2378997802734375,214.05299377441406,59.8474006652832,-115.44039916992188,189.2613983154297,-17.115100860595703,0.07450000196695328,0.07769999653100967,-0.8238000273704529
301,2021-09-20 09:21:40.169962,8.944100379943848,213.75619506835938,61.33259963989258,-109.41010284423828,193.55470275878906,9.971099853515625,-0.018300000578165054,0.005100000184029341,-0.7946000099182129
302,2021-09-20 09:21:41.305241,7.509500026702881,213.7884979248047,62.335601806640625,-108.06220245361328,194.8385009765625,2.8570001125335693,-0.05790000036358833,0.0560000017285347,-0.7903000116348267
303,2021-09-20 09:21:42.360187,15.697500228881836,215.3170928955078,56.10210037231445,-107.95089721679688,195.16000366210938,-3.80679988861084,0.05590000003576279,0.06909999996423721,-0.7616999745368958
304,2021-09-20 09:21:43.496644,5.554900169372559,213.5113067626953,65.33450317382812,-120.01339721679688,188.36419677734375,1.5053000450134277,-0.014999999664723873,0.031099999323487282,-0.8644999861717224
305,2021-09-20 09:21:44.556519,8.051899909973145,213.63510131835938,65.3677978515625,-116.22589874267578,190.96820068359375,-0.6621999740600586,0.014499999582767487,0.03680000081658363,-0.843999981880188
306,2021-09-20 09:21:45.716218,9.5423002243042,213.73399353027344,65.53140258789062,-103.51619720458984,198.37339782714844,0.10970000177621841,0.024299999698996544,0.0348999984562397,-0.7788000106811523
307,2021-09-20 09:21:46.877533,21.851499557495117,211.7364959716797,69.78990173339844,-93.04229736328125,203.75050354003906,3.0548999309539795,0.009399999864399433,0.08810000121593475,-0.7487000226974487
308,2021-09-20 09:21:48.035429,18.362300872802734,212.756103515625,68.40339660644531,-100.03309631347656,200.2397003173828,13.370100021362305,0.015699999406933784,0.017100000753998756,-0.7741000056266785
309,2021-09-20 09:21:49.192100,21.829500198364258,211.6175994873047,71.660400390625,-89.2655029296875,204.98190307617188,20.195499420166016,-0.0005000000237487257,0.008200000040233135,-0.7376000285148621
310,2021-09-20 09:21:50.348489,17.5132999420166,211.99659729003906,72.62139892578125,-107.14140319824219,196.6197967529297,19.608299255371094,0.02019999921321869,-0.02160000056028366,-0.8263999819755554
311,2021-09-20 09:21:52.537930,23.948699951171875,211.0458984375,74.87539672851562,-85.35780334472656,206.85589599609375,25.394699096679688,-0.016100000590085983,-0.0003000000142492354,-0.7339000105857849
312,2021-09-20 09:21:53.600160,-97.04060363769531,177.93380737304688,-98.75440216064453,-184.38059997558594,76.61640167236328,-104.70649719238281,0.035999998450279236,0.012600000016391277,-0.6715999841690063
313,2021-09-20 09:21:54.757201,17.77050018310547,213.96270751953125,69.6395034790039,-66.34040069580078,214.17359924316406,25.963300704956055,-0.07400000095367432,-0.014999999664723873,-0.621999979019165
314,2021-09-20 09:21:55.912801,15.8302001953125,215.0543975830078,67.54000091552734,-88.01950073242188,208.11830139160156,0.03310000151395798,0.057100001722574234,0.05180000141263008,-0.704800009727478
315,2021-09-20 09:21:57.072129,19.82270050048828,213.06640625,73.2114028930664,-82.42379760742188,209.0612030029297,25.493099212646484,-0.05990000069141388,-0.0032999999821186066,-0.7121000289916992
316,2021-09-20 09:21:58.225840,16.693099975585938,214.86709594726562,69.60479736328125,-92.86190032958984,206.44960021972656,6.825500011444092,0.07280000299215317,0.015200000256299973,-0.7333999872207642
317,2021-09-20 09:21:59.381736,20.751800537109375,214.84719848632812,69.22789764404297,-85.0010986328125,209.9969940185547,7.649700164794922,0.04919999837875366,0.04259999841451645,-0.6955000162124634
318,2021-09-20 09:22:00.538588,26.677499771118164,214.1204071044922,70.2385025024414,-76.30239868164062,212.89720153808594,18.585599899291992,0.010300000198185444,0.03440000116825104,-0.6614999771118164
319,2021-09-20 09:22:01.694633,23.87849998474121,215.1584930419922,68.77110290527344,-88.50789642333984,208.9886016845703,9.105799674987793,0.05480000004172325,0.047600001096725464,-0.7089999914169312
320,2021-09-20 09:22:02.852154,15.622300148010254,214.60609436035156,73.53600311279297,-89.27780151367188,208.9720001220703,8.218299865722656,-0.026000000536441803,0.04659999907016754,-0.7354999780654907
321,2021-09-20 09:22:04.009729,15.381600379943848,215.6549072265625,71.31549835205078,-87.33599853515625,210.15280151367188,6.1458001136779785,0.07750000059604645,0.011900000274181366,-0.7105000019073486
322,2021-09-20 09:22:05.170640,21.898700714111328,215.06430053710938,72.28500366210938,-94.51899719238281,207.38619995117188,3.8036000728607178,0.032099999487400055,0.07280000299215317,-0.7530999779701233
323,2021-09-20 09:22:06.327190,21.338300704956055,215.17359924316406,72.74590301513672,-97.39230346679688,206.2779998779297,3.3306000232696533,0.040300000458955765,0.06840000301599503,-0.7681000232696533
324,2021-09-20 09:22:07.488307,13.864100456237793,216.4499053955078,71.54869842529297,-92.52050018310547,208.7949981689453,2.569000005722046,0.08290000259876251,0.017500000074505806,-0.7346000075340271
325,2021-09-20 09:22:08.644633,10.446700096130371,216.4049072265625,73.01219940185547,-98.73190307617188,206.13079833984375,5.753399848937988,0.03669999912381172,0.005200000014156103,-0.7710999846458435
326,2021-09-20 09:22:09.803115,15.810400009155273,215.681396484375,75.18090057373047,-91.9906005859375,208.87210083007812,18.18869972229004,-0.03840000182390213,0.00559999980032444,-0.7529000043869019
327,2021-09-20 09:22:10.961634,20.19529914855957,215.73609924316406,74.8510971069336,-92.40190124511719,209.6699981689453,7.277299880981445,-0.0032999999821186066,0.06319999694824219,-0.7506999969482422
328,2021-09-20 09:22:12.127147,20.050899505615234,217.41549682617188,70.67729949951172,-81.93270111083984,213.17630004882812,22.576499938964844,-0.0017000000225380063,-0.01119999960064888,-0.6809999942779541
329,2021-09-20 09:22:13.287792,11.829000473022461,217.71170043945312,72.25499725341797,-78.89749908447266,215.41510009765625,11.428000450134277,0.042399998754262924,-0.01360000018030405,-0.6690000295639038
330,2021-09-20 09:22:14.443748,21.295400619506836,217.96099853515625,70.31919860839844,-69.94039916992188,217.90269470214844,23.066499710083008,-0.05739999935030937,0.010499999858438969,-0.628000020980835
331,2021-09-20 09:22:15.605022,-95.23760223388672,173.45089721679688,-117.77989959716797,-193.15170288085938,76.96929931640625,-98.972900390625,0.014700000174343586,0.011500000022351742,-0.5927000045776367
332,2021-09-20 09:22:17.805532,16.37929916381836,219.87030029296875,68.089599609375,-74.59449768066406,218.3603057861328,1.3619999885559082,0.03700000047683716,0.05620000138878822,-0.6298999786376953
333,2021-09-20 09:22:18.870282,21.57390022277832,218.8372039794922,70.69339752197266,-74.20590209960938,218.62420654296875,7.044000148773193,0.003800000064074993,0.06530000269412994,-0.6409000158309937
334,2021-09-20 09:22:20.026421,14.895099639892578,219.5178985595703,71.08910369873047,-76.13909912109375,218.318603515625,-1.8558000326156616,0.051500000059604645,0.058800000697374344,-0.649399995803833
335,2021-09-20 09:22:21.189645,-114.77040100097656,171.06500244140625,-105.44020080566406,-187.86480712890625,75.00189971923828,-112.40399932861328,-0.030400000512599945,0.042399998754262924,-0.6093000173568726
336,2021-09-20 09:22:25.521739,20.32819938659668,220.29640197753906,70.91950225830078,-89.46479797363281,214.2725067138672,7.525199890136719,0.020400000736117363,0.05130000039935112,-0.7075999975204468
337,2021-09-20 09:22:26.586758,19.38719940185547,220.82330322265625,70.38310241699219,-82.37069702148438,217.46429443359375,4.111400127410889,0.056699998676776886,0.048900000751018524,-0.670199990272522
338,2021-09-20 09:22:27.639429,23.60460090637207,220.05909729003906,72.24690246582031,-80.7833023071289,217.74290466308594,16.275999069213867,0.017500000074505806,0.0272000003606081,-0.6721000075340271
339,2021-09-20 09:22:28.798932,18.9596004486084,220.01370239257812,74.55349731445312,-71.2511978149414,221.3177032470703,16.293399810791016,-0.03020000085234642,0.021800000220537186,-0.640500009059906
340,2021-09-20 09:22:29.954911,11.150300025939941,222.01939392089844,70.78350067138672,-97.2947998046875,212.01699829101562,3.1263999938964844,0.01940000057220459,0.028999999165534973,-0.7390000224113464
341,2021-09-20 09:22:31.119149,14.296199798583984,221.07150268554688,73.95469665527344,-87.46820068359375,216.4197998046875,7.620999813079834,0.054499998688697815,0.008899999782443047,-0.7049000263214111
342,2021-09-20 09:22:32.277356,30.52739906311035,220.4810028076172,71.35489654541016,-108.71219635009766,205.41070556640625,24.968799591064453,0.016599999740719795,0.018300000578165054,-0.7991999983787537
343,2021-09-20 09:22:33.434734,23.311899185180664,219.81790161132812,76.83219909667969,-111.31690216064453,205.01759338378906,18.51689910888672,0.0026000000070780516,0.02199999988079071,-0.8343999981880188
344,2021-09-20 09:22:34.598217,14.663599967956543,221.4571990966797,75.10659790039062,-105.16539764404297,209.15989685058594,9.574799537658691,0.04050000011920929,0.004000000189989805,-0.7911999821662903
345,2021-09-20 09:22:35.758532,20.118900299072266,219.5583038330078,80.07360076904297,-97.10780334472656,212.52450561523438,20.634899139404297,-0.01899999938905239,0.006300000008195639,-0.7799999713897705
346,2021-09-20 09:22:36.913492,18.029399871826172,220.1732940673828,79.75240325927734,-109.4646987915039,207.72940063476562,5.270400047302246,-0.006800000090152025,0.06509999930858612,-0.8341000080108643
347,2021-09-20 09:22:38.069830,13.429699897766113,221.652099609375,77.49040222167969,-111.9520034790039,206.83639526367188,-0.49790000915527344,0.03610000014305115,0.04780000075697899,-0.8330000042915344
348,2021-09-20 09:22:39.230182,23.333999633789062,218.85499572753906,83.74120330810547,-93.28959655761719,216.05490112304688,8.482199668884277,-0.0005000000237487257,0.06909999996423721,-0.7749000191688538
349,2021-09-20 09:22:40.391010,14.222100257873535,221.3444061279297,79.75910186767578,-83.55889892578125,220.34359741210938,4.870299816131592,0.030500000342726707,0.030899999663233757,-0.7081000208854675
350,2021-09-20 09:22:41.444131,20.26140022277832,221.1728973388672,79.78510284423828,-87.72200012207031,218.36929321289062,17.7012996673584,0.0005000000237487257,0.011500000022351742,-0.7285000085830688
351,2021-09-20 09:22:42.606175,-105.17489624023438,185.4553985595703,-101.95120239257812,-197.74969482421875,75.6406021118164,-104.9906005859375,-0.00559999980032444,0.012000000104308128,-0.6962000131607056
352,2021-09-20 09:22:43.767973,16.692899703979492,222.91859436035156,77.4884033203125,-84.18440246582031,220.9456024169922,8.473699569702148,-0.01679999940097332,0.04360000044107437,-0.6998999714851379
353,2021-09-20 09:22:44.925833,12.897600173950195,223.3730926513672,77.8290023803711,-79.48030090332031,222.63909912109375,15.29520034790039,-0.03539999946951866,0.0019000000320374966,-0.6801999807357788
354,2021-09-20 09:22:45.990482,-3.892899990081787,219.99110412597656,88.52909851074219,-55.76100158691406,229.402099609375,-22.671899795532227,0.007000000216066837,0.07989999651908875,-0.6205999851226807
355,2021-09-20 09:22:50.230690,21.31570053100586,224.60940551757812,76.16560363769531,-76.44539642333984,225.44400024414062,-6.004799842834473,0.10180000215768814,0.08669999986886978,-0.6560999751091003
356,2021-09-20 09:22:51.301641,10.116900444030762,230.60440063476562,59.65370178222656,-73.96289825439453,226.6217041015625,-3.380500078201294,-0.022299999371170998,0.06679999828338623,-0.5684999823570251
357,2021-09-20 09:22:56.450820,21.62030029296875,229.32839965820312,65.71749877929688,-66.36519622802734,230.10910034179688,4.818399906158447,0.06909999996423721,0.053199999034404755,-0.558899998664856
358,2021-09-20 09:22:57.672711,10.827899932861328,231.04840087890625,63.34299850463867,-76.10669708251953,227.39959716796875,-3.1786000728607178,0.07450000196695328,0.03669999912381172,-0.5910000205039978
359,2021-09-20 09:22:58.735340,15.712900161743164,230.09750366210938,66.37830352783203,-72.27539825439453,228.63409423828125,10.02750015258789,0.07190000265836716,0.002300000051036477,-0.5835000276565552
360,2021-09-20 09:22:59.891493,12.158699989318848,230.67140197753906,66.17410278320312,-70.79239654541016,228.69740295410156,20.544599533081055,-0.05990000069141388,-0.017999999225139618,-0.5835999846458435
361,2021-09-20 09:23:00.959279,19.02790069580078,230.58290100097656,65.62989807128906,-83.73179626464844,225.43280029296875,-2.620800018310547,0.035599999129772186,0.08290000259876251,-0.6342999935150146
362,2021-09-20 09:23:02.118921,-15.035300254821777,227.44419860839844,77.75299835205078,-80.09010314941406,225.27220153808594,-28.99049949645996,0.08739999681711197,0.030400000512599945,-0.6789000034332275
363,2021-09-20 09:23:09.543602,21.424800872802734,231.7261962890625,68.49749755859375,-70.37560272216797,231.66009521484375,15.126899719238281,-0.013799999840557575,0.03139999881386757,-0.5838000178337097
364,2021-09-20 09:23:13.789199,-108.0145034790039,185.0447998046875,-115.80619812011719,-191.10960388183594,87.28600311279297,-123.19930267333984,0.05040000006556511,0.05950000137090683,-0.5670999884605408
